Dla      19.6 wyliczono :          7,5        12,1        31,7        51,3        24,2         4,6 
Dla   48.4336 wyliczono :         18,5        29,9        78,4       126,8        59,9        11,4 
Dla    -0.245 wyliczono :         -0,1        -0,2        -0,4        -0,6        -0,3        -0,1 
Dla      -0.2 wyliczono :         -0,1        -0,1        -0,3        -0,5        -0,2         0,0 
Dla        45 wyliczono :         17,2        27,8        72,8       117,8        55,6        10,6 
Dla        45 wyliczono :         17,2        27,8        72,8       117,8        55,6        10,6 
Dla      4554 wyliczono :       1739,5      2814,5      7368,5     11922,5      5629,1      1075,1 
Dla      4554 wyliczono :       1739,5      2814,5      7368,5     11922,5      5629,1      1075,1 
Dla         1 wyliczono :          0,4         0,6         1,6         2,6         1,2         0,2 
Dla         1 wyliczono :          0,4         0,6         1,6         2,6         1,2         0,2 
Dla         1 wyliczono :          0,4         0,6         1,6         2,6         1,2         0,2 
Dla       511 wyliczono :        195,2       315,8       826,8      1337,8       631,6       120,6 
Dla     51651 wyliczono :      19728,9     31922,1     83573,1    135224,1     63844,1     12193,1 
Dla     51651 wyliczono :      19728,9     31922,1     83573,1    135224,1     63844,1     12193,1 
Dla    516541 wyliczono :     197301,1    319239,9    835780,9   1352321,9    638479,8    121938,8 
Dla 5.16543e+06 wyliczono :    1973019,1   3192411,9   8357842,9  13523273,9   6384823,8   1219392,8 
Dla 5.16544e+07 wyliczono :   19730206,4  31924144,6  83578495,6 135232846,6  63848289,2  12193938,2 
Dla 5.16544e+07 wyliczono :   19730206,4  31924144,6  83578495,6 135232846,6  63848289,2  12193938,2 
Dla 5.16544e+07 wyliczono :   19730206,4  31924144,6  83578495,6 135232846,6  63848289,2  12193938,2 
Dla 5.16544e+07 wyliczono :   19730206,4  31924144,6  83578495,6 135232846,6  63848289,2  12193938,2 
Dla 5.16544e+07 wyliczono :   19730206,4  31924144,6  83578495,6 135232846,6  63848289,2  12193938,2 
Dla 5.16544e+07 wyliczono :   19730206,4  31924144,6  83578495,6 135232846,6  63848289,2  12193938,2 
Dla   516.544 wyliczono :        197,3       319,2       835,8      1352,3       638,5       121,9 
Dla     516.5 wyliczono :        197,3       319,2       835,7      1352,2       638,4       121,9 
Dla     51.65 wyliczono :         19,7        31,9        83,6       135,2        63,8        12,2 
Dla      51.7 wyliczono :         19,7        32,0        83,7       135,4        63,9        12,2 
Dla      5.17 wyliczono :          2,0         3,2         8,4        13,5         6,4         1,2 
Dla       5.2 wyliczono :          2,0         3,2         8,4        13,6         6,4         1,2 
Dla      10.4 wyliczono :          4,0         6,4        16,8        27,2        12,9         2,5 
Dla    1510.4 wyliczono :        576,9       933,5      2443,9      3954,3      1867,0       356,6 
Dla    1510.4 wyliczono :        576,9       933,5      2443,9      3954,3      1867,0       356,6 
Dla    153510 wyliczono :      58635,8     94874,6    248385,0    401895,4    189749,3     36238,9 
Dla 1.53541e+06 wyliczono :     586474,6    948935,8   2484346,2   4019756,6   1897871,6    362461,2 
Dla 1.53541e+07 wyliczono :    5864748,3   9489362,1  24843472,5  40197582,9  18978724,2   3624613,8 
Dla 1.53541e+07 wyliczono :    5864748,3   9489362,1  24843472,5  40197582,9  18978724,2   3624613,8 
Dla 1.53542e+09 wyliczono :  586476461,7 948938848,7 2484354159,1 4019769469,5 1897877697,3 362462386,9 
Dla 1.53542e+10 wyliczono :  5864764619,7 9489388490,7 24843541601,1 40197694711,5 18978776981,4 3624623871,0 
Dla 1.53542e+11 wyliczono :  58647646275,9 94893885034,5 248435416344,9 401976947655,3 189787770069,1 36246238758,7 
Dla 1.53542e+11 wyliczono :  58647646275,9 94893885034,5 248435416344,9 401976947655,3 189787770069,1 36246238758,7 
Dla 1.53542e+11 wyliczono :  58647646275,9 94893885034,5 248435416344,9 401976947655,3 189787770069,1 36246238758,7 
Dla 1.53542e+11 wyliczono :  58647646275,9 94893885034,5 248435416344,9 401976947655,3 189787770069,1 36246238758,7 
Dla 1.53542e+11 wyliczono :  58647646275,9 94893885034,5 248435416344,9 401976947655,3 189787770069,1 36246238758,7 
Dla 1.53542e+11 wyliczono :  58647646275,9 94893885034,5 248435416344,9 401976947655,3 189787770069,1 36246238758,7 
Dla 1.53542e+11 wyliczono :  58647646275,9 94893885034,5 248435416344,9 401976947655,3 189787770069,1 36246238758,7 
Dla 1.53542e+11 wyliczono :  58647646275,9 94893885034,5 248435416344,9 401976947655,3 189787770069,1 36246238758,7 
Dla 1.53542e+11 wyliczono :  58647646275,9 94893885034,5 248435416344,9 401976947655,3 189787770069,1 36246238758,7 
Dla 1.53542e+11 wyliczono :  58647646275,9 94893885034,5 248435416344,9 401976947655,3 189787770069,1 36246238758,7 
Dla 1.53542e+11 wyliczono :  58647646275,9 94893885034,5 248435416344,9 401976947655,3 189787770069,1 36246238758,7 
Dla 1.55415e+10 wyliczono :  5936336723,4 9605194587,0 25146725897,4 40688257207,8 19210389174,1 3668857863,7 
Dla 1.55415e+09 wyliczono :  593633672,3 960519458,7 2514672589,7 4068825720,8 1921038917,4 366885786,4 
Dla 1.55415e+09 wyliczono :  593633672,3 960519458,7 2514672589,7 4068825720,8 1921038917,4 366885786,4 
Dla 1.55415e+09 wyliczono :  593633672,3 960519458,7 2514672589,7 4068825720,8 1921038917,4 366885786,4 
Dla   15.5415 wyliczono :          5,9         9,6        25,1        40,7        19,2         3,7 
Dla   15.5415 wyliczono :          5,9         9,6        25,1        40,7        19,2         3,7 
Dla   15.5415 wyliczono :          5,9         9,6        25,1        40,7        19,2         3,7 
Dla   15.5415 wyliczono :          5,9         9,6        25,1        40,7        19,2         3,7 
Dla    155415 wyliczono :      59363,4     96051,9    251467,3    406882,6    192103,9     36688,6 
Dla    155415 wyliczono :      59363,4     96051,9    251467,3    406882,6    192103,9     36688,6 
Dla    155415 wyliczono :      59363,4     96051,9    251467,3    406882,6    192103,9     36688,6 
Dla    155415 wyliczono :      59363,4     96051,9    251467,3    406882,6    192103,9     36688,6 
Dla   155.415 wyliczono :         59,4        96,1       251,5       406,9       192,1        36,7 
Dla   155.415 wyliczono :         59,4        96,1       251,5       406,9       192,1        36,7 
Dla   155.415 wyliczono :         59,4        96,1       251,5       406,9       192,1        36,7 
Dla   155.415 wyliczono :         59,4        96,1       251,5       406,9       192,1        36,7 
Dla   155.415 wyliczono :         59,4        96,1       251,5       406,9       192,1        36,7 
Dla   155.415 wyliczono :         59,4        96,1       251,5       406,9       192,1        36,7 
Dla 1.55415e+08 wyliczono :   59363367,2  96051945,9 251467259,0 406882572,1 192103891,7  36688578,6 
Dla 1.55415e+08 wyliczono :   59363367,2  96051945,9 251467259,0 406882572,1 192103891,7  36688578,6 
Dla   1554.15 wyliczono :        593,6       960,5      2514,7      4068,8      1921,0       366,9 
Dla   1554.15 wyliczono :        593,6       960,5      2514,7      4068,8      1921,0       366,9 
Dla 1.55415e+08 wyliczono :   59363367,2  96051945,9 251467259,0 406882572,1 192103891,7  36688578,6 
Dla 1.55415e+08 wyliczono :   59363367,2  96051945,9 251467259,0 406882572,1 192103891,7  36688578,6 
Dla    155415 wyliczono :      59363,4     96051,9    251467,3    406882,6    192103,9     36688,6 
Dla    155416 wyliczono :      59363,4     96052,1    251467,6    406883,1    192104,1     36688,6 
Dla    155416 wyliczono :      59363,4     96052,1    251467,6    406883,1    192104,1     36688,6 
Dla    155416 wyliczono :      59363,4     96052,1    251467,6    406883,1    192104,1     36688,6 
Dla   15.5416 wyliczono :          5,9         9,6        25,1        40,7        19,2         3,7 
Dla      15.5 wyliczono :          5,9         9,6        25,1        40,6        19,2         3,7 
Dla      15.5 wyliczono :          5,9         9,6        25,1        40,6        19,2         3,7 
Dla      15.5 wyliczono :          5,9         9,6        25,1        40,6        19,2         3,7 
Dla      15.5 wyliczono :          5,9         9,6        25,1        40,6        19,2         3,7 
Dla    15.513 wyliczono :          5,9         9,6        25,1        40,6        19,2         3,7 
Dla      15.5 wyliczono :          5,9         9,6        25,1        40,6        19,2         3,7 
Dla    1515.5 wyliczono :        578,9       936,6      2452,1      3967,6      1873,3       357,8 
Dla   15115.5 wyliczono :       5773,6      9341,9     24457,4     39572,9     18683,8      3568,3 
Dla    151316 wyliczono :      57797,4     93518,1    244833,6    396149,1    187036,2     35720,7 
Dla 1.51352e+06 wyliczono :     578111,5    935404,0   2448919,5   3962435,0   1870808,0    357292,5 
Dla 1.51351e+07 wyliczono :    5781099,7   9354015,8  24489131,3  39624246,8  18708031,6   3572916,1 
Dla 1.51352e+09 wyliczono :  578111408,0 935403907,5 2448919223,0 3962434538,5 1870807814,9 357292499,4 
Dla 1.51352e+09 wyliczono :  578111408,0 935403907,5 2448919223,0 3962434538,5 1870807814,9 357292499,4 
Dla 1.51352e+10 wyliczono :  5781114065,2 9354039050,3 24489192165,8 39624345281,3 18708078100,6 3572924985,1 
Dla 1.51352e+11 wyliczono :  57811140713,2 93540390602,3 244891921917,8 396243453233,3 187080781204,6 35729249889,1 
Dla 1.51352e+11 wyliczono :  57811140713,2 93540390602,3 244891921917,8 396243453233,3 187080781204,6 35729249889,1 
Dla 1.51352e+11 wyliczono :  57811140713,2 93540390602,3 244891921917,8 396243453233,3 187080781204,6 35729249889,1 
Dla 1.51352e+11 wyliczono :  57811140713,2 93540390602,3 244891921917,8 396243453233,3 187080781204,6 35729249889,1 
Dla 1.51352e+11 wyliczono :  57811140713,2 93540390602,3 244891921917,8 396243453233,3 187080781204,6 35729249889,1 
Dla 1.51352e+11 wyliczono :  57811140713,2 93540390602,3 244891921917,8 396243453233,3 187080781204,6 35729249889,1 
Dla 1.51352e+11 wyliczono :  57811140713,2 93540390602,3 244891921917,8 396243453233,3 187080781204,6 35729249889,1 
Dla 1.51352e+10 wyliczono :  5781114141,6 9354039173,9 24489192489,4 39624345804,9 18708078347,8 3572925032,3 
Dla 1.51352e+09 wyliczono :  578111414,2 935403917,4 2448919248,9 3962434580,5 1870807834,8 357292503,2 
Dla 1.51352e+09 wyliczono :  578111414,2 935403917,4 2448919249,0 3962434580,6 1870807834,8 357292503,2 
Dla 1.51352e+09 wyliczono :  578111414,2 935403917,4 2448919249,0 3962434580,6 1870807834,8 357292503,2 
Dla 1.51352e+09 wyliczono :  578111414,2 935403917,4 2448919249,0 3962434580,6 1870807834,8 357292503,2 
Dla 1.51352e+09 wyliczono :  578111414,2 935403917,4 2448919249,0 3962434580,6 1870807834,8 357292503,2 
Dla 1.51352e+09 wyliczono :  578111414,2 935403917,4 2448919249,0 3962434580,6 1870807834,8 357292503,2 
Dla 1.51352e+09 wyliczono :  578111414,2 935403917,4 2448919249,0 3962434580,6 1870807834,8 357292503,2 
Dla 1.51352e+09 wyliczono :  578111414,2 935403917,4 2448919249,0 3962434580,6 1870807834,8 357292503,2 
Dla 1.51352e+08 wyliczono :   57811141,4  93540391,7 244891924,9 396243458,1 187080783,5  35729250,3 
Dla 1.51352e+08 wyliczono :   57811141,4  93540391,8 244891925,0 396243458,2 187080783,5  35729250,3 
Dla 1.51352e+08 wyliczono :   57811141,4  93540391,8 244891925,0 396243458,2 187080783,5  35729250,3 
Dla 1.51352e+08 wyliczono :   57811141,4  93540391,8 244891925,0 396243458,2 187080783,5  35729250,3 
Dla 1.51352e+08 wyliczono :   57811141,4  93540391,8 244891925,0 396243458,2 187080783,5  35729250,3 
Dla 1.51352e+08 wyliczono :   57811141,4  93540391,8 244891925,0 396243458,2 187080783,5  35729250,3 
Dla 1.51352e+08 wyliczono :   57811141,4  93540391,8 244891925,0 396243458,2 187080783,5  35729250,3 
Dla 1.51352e+08 wyliczono :   57811141,4  93540391,8 244891925,0 396243458,2 187080783,5  35729250,3 
Dla 1.51352e+08 wyliczono :   57811141,4  93540391,8 244891925,0 396243458,2 187080783,5  35729250,3 
Dla 1.51352e+07 wyliczono :    5781114,1   9354039,2  24489192,5  39624345,8  18708078,4   3572925,0 
Dla 1.51352e+07 wyliczono :    5781114,1   9354039,2  24489192,5  39624345,8  18708078,3   3572925,0 
Dla 1.51352e+07 wyliczono :    5781114,1   9354039,2  24489192,5  39624345,8  18708078,3   3572925,0 
Dla   15.1352 wyliczono :          5,8         9,4        24,5        39,6        18,7         3,6 
Dla       6.8 wyliczono :          2,6         4,2        11,0        17,8         8,4         1,6 
Dla       6.8 wyliczono :          2,6         4,2        11,0        17,8         8,4         1,6 
Dla         1 wyliczono :          0,4         0,6         1,6         2,6         1,2         0,2 
Dla       123 wyliczono :         47,0        76,0       199,0       322,0       152,0        29,0 
Dla       123 wyliczono :         47,0        76,0       199,0       322,0       152,0        29,0 
Dla     12345 wyliczono :       4715,4      7629,6     19974,6     32319,6     15259,3      2914,3 
Dla    123456 wyliczono :      47156,0     76300,0    199756,0    323212,0    152600,0     29144,0 
Dla    123456 wyliczono :      47156,0     76300,0    199756,0    323212,0    152600,0     29144,0 
Dla 1.23457e+06 wyliczono :     471562,6    763004,4   1997571,4   3232138,4   1526008,7    291441,7 
Dla 1.23457e+08 wyliczono :   47156297,3  76300491,7 199757280,7 323214069,7 152600983,5  29144194,5 
Dla 1.23457e+08 wyliczono :   47156297,3  76300491,7 199757280,7 323214069,7 152600983,5  29144194,5 
Dla 1.23457e+08 wyliczono :   47156297,3  76300491,7 199757280,7 323214069,7 152600983,5  29144194,5 
Dla 1.23457e+08 wyliczono :   47156297,3  76300491,7 199757280,7 323214069,7 152600983,5  29144194,5 
Dla 1.23457e+08 wyliczono :   47156297,3  76300491,7 199757280,7 323214069,7 152600983,5  29144194,5 
Dla 1.23457e+08 wyliczono :   47156297,3  76300491,7 199757280,7 323214069,7 152600983,5  29144194,5 
Dla   12345.7 wyliczono :       4715,6      7630,0     19975,7     32321,4     15260,1      2914,4 
Dla   12345.7 wyliczono :       4715,6      7630,0     19975,7     32321,4     15260,1      2914,4 
Dla   12345.7 wyliczono :       4715,6      7630,0     19975,7     32321,4     15260,1      2914,4 
Dla   12345.7 wyliczono :       4715,6      7630,0     19975,7     32321,4     15260,1      2914,4 
Dla   1234.57 wyliczono :        471,6       763,0      1997,6      3232,1      1526,0       291,4 
Dla   1234.57 wyliczono :        471,6       763,0      1997,6      3232,1      1526,0       291,4 
Dla   1234.57 wyliczono :        471,6       763,0      1997,6      3232,1      1526,0       291,4 
Dla   1234.57 wyliczono :        471,6       763,0      1997,6      3232,1      1526,0       291,4 
Dla   1234.57 wyliczono :        471,6       763,0      1997,6      3232,1      1526,0       291,4 
Dla   1234.57 wyliczono :        471,6       763,0      1997,6      3232,1      1526,0       291,4 
Dla   1234.57 wyliczono :        471,6       763,0      1997,6      3232,1      1526,0       291,4 
Dla   1234.57 wyliczono :        471,6       763,0      1997,6      3232,1      1526,0       291,4 
Dla   1234.57 wyliczono :        471,6       763,0      1997,6      3232,1      1526,0       291,4 
Dla 1.23457e+06 wyliczono :     471563,0    763004,9   1997572,8   3232140,7   1526009,8    291441,9 
Dla 1.23457e+06 wyliczono :     471563,0    763004,9   1997572,8   3232140,7   1526009,8    291441,9 
Dla 1.23457e+06 wyliczono :     471563,0    763004,9   1997572,8   3232140,7   1526009,8    291441,9 
Dla 1.23457e+06 wyliczono :     471563,0    763004,9   1997572,8   3232140,7   1526009,8    291441,9 
Dla   123.457 wyliczono :         47,2        76,3       199,8       323,2       152,6        29,1 
Dla         1 wyliczono :          0,4         0,6         1,6         2,6         1,2         0,2 
Dla         1 wyliczono :          0,4         0,6         1,6         2,6         1,2         0,2 
Dla        12 wyliczono :          4,6         7,4        19,4        31,4        14,8         2,8 
Dla       125 wyliczono :         47,7        77,3       202,3       327,3       154,5        29,5 
Dla       125 wyliczono :         47,7        77,3       202,3       327,3       154,5        29,5 
Dla      12.5 wyliczono :          4,8         7,7        20,2        32,7        15,5         3,0 
Dla        11 wyliczono :          4,2         6,8        17,8        28,8        13,6         2,6 
Dla       211 wyliczono :         80,6       130,4       341,4       552,4       260,8        49,8 
Dla      2311 wyliczono :        882,7      1428,3      3739,3      6050,3      2856,6       545,6 
Dla    2320.8 wyliczono :        886,5      1434,3      3755,1      6075,9      2868,7       547,9 
Dla    2320.6 wyliczono :        886,4      1434,2      3754,8      6075,4      2868,4       547,8 
Dla    2320.6 wyliczono :        886,4      1434,2      3754,8      6075,4      2868,4       547,8 
Dla      -0.2 wyliczono :         -0,1        -0,1        -0,3        -0,5        -0,2         0,0 
Dla      -0.4 wyliczono :         -0,2        -0,2        -0,6        -1,0        -0,5        -0,1 
Dla      -0.4 wyliczono :         -0,2        -0,2        -0,6        -1,0        -0,5        -0,1 
Dla      -0.4 wyliczono :         -0,2        -0,2        -0,6        -1,0        -0,5        -0,1 
Dla      -0.4 wyliczono :         -0,2        -0,2        -0,6        -1,0        -0,5        -0,1 
Dla      -0.4 wyliczono :         -0,2        -0,2        -0,6        -1,0        -0,5        -0,1 
Dla      -0.4 wyliczono :         -0,2        -0,2        -0,6        -1,0        -0,5        -0,1 
Dla      -0.2 wyliczono :         -0,1        -0,1        -0,3        -0,5        -0,2         0,0 
Dla         0 wyliczono :          0,0         0,0         0,0         0,0         0,0         0,0 
Dla         2 wyliczono :          0,8         1,2         3,2         5,2         2,5         0,5 
Dla         2 wyliczono :          0,8         1,2         3,2         5,2         2,5         0,5 
Dla       2.2 wyliczono :          0,8         1,4         3,6         5,8         2,7         0,5 
Dla       2.4 wyliczono :          0,9         1,5         3,9         6,3         3,0         0,6 
Dla       2.4 wyliczono :          0,9         1,5         3,9         6,3         3,0         0,6 
Dla       2.6 wyliczono :          1,0         1,6         4,2         6,8         3,2         0,6 
Dla       2.8 wyliczono :          1,1         1,7         4,5         7,3         3,5         0,7 
Dla         3 wyliczono :          1,1         1,9         4,9         7,9         3,7         0,7 
Dla       3.2 wyliczono :          1,2         2,0         5,2         8,4         4,0         0,8 
Dla       3.2 wyliczono :          1,2         2,0         5,2         8,4         4,0         0,8 
Dla       3.2 wyliczono :          1,2         2,0         5,2         8,4         4,0         0,8 
Dla       3.2 wyliczono :          1,2         2,0         5,2         8,4         4,0         0,8 
Dla       3.4 wyliczono :          1,3         2,1         5,5         8,9         4,2         0,8 
Dla       3.6 wyliczono :          1,4         2,2         5,8         9,4         4,4         0,8 
Dla       3.4 wyliczono :          1,3         2,1         5,5         8,9         4,2         0,8 
Dla       3.2 wyliczono :          1,2         2,0         5,2         8,4         4,0         0,8 
Dla       3.2 wyliczono :          1,2         2,0         5,2         8,4         4,0         0,8 
Dla       3.2 wyliczono :          1,2         2,0         5,2         8,4         4,0         0,8 
Dla       3.2 wyliczono :          1,2         2,0         5,2         8,4         4,0         0,8 
Dla       3.2 wyliczono :          1,2         2,0         5,2         8,4         4,0         0,8 
Dla       3.4 wyliczono :          1,3         2,1         5,5         8,9         4,2         0,8 
Dla       3.2 wyliczono :          1,2         2,0         5,2         8,4         4,0         0,8 
Dla       3.2 wyliczono :          1,2         2,0         5,2         8,4         4,0         0,8 
Dla       3.4 wyliczono :          1,3         2,1         5,5         8,9         4,2         0,8 
Dla       3.4 wyliczono :          1,3         2,1         5,5         8,9         4,2         0,8 
Dla       3.4 wyliczono :          1,3         2,1         5,5         8,9         4,2         0,8 
Dla       3.4 wyliczono :          1,3         2,1         5,5         8,9         4,2         0,8 
Dla      33.8 wyliczono :         12,9        20,9        54,7        88,5        41,8         8,0 
Dla      33.8 wyliczono :         12,9        20,9        54,7        88,5        41,8         8,0 
Dla      33.8 wyliczono :         12,9        20,9        54,7        88,5        41,8         8,0 
Dla      33.8 wyliczono :         12,9        20,9        54,7        88,5        41,8         8,0 
Dla      33.8 wyliczono :         12,9        20,9        54,7        88,5        41,8         8,0 
Dla      33.8 wyliczono :         12,9        20,9        54,7        88,5        41,8         8,0 
Dla      33.8 wyliczono :         12,9        20,9        54,7        88,5        41,8         8,0 
Dla      33.8 wyliczono :         12,9        20,9        54,7        88,5        41,8         8,0 
Dla      33.8 wyliczono :         12,9        20,9        54,7        88,5        41,8         8,0 
Dla      33.8 wyliczono :         12,9        20,9        54,7        88,5        41,8         8,0 
Dla      33.8 wyliczono :         12,9        20,9        54,7        88,5        41,8         8,0 
Dla      33.8 wyliczono :         12,9        20,9        54,7        88,5        41,8         8,0 
Dla      33.8 wyliczono :         12,9        20,9        54,7        88,5        41,8         8,0 
Dla      33.8 wyliczono :         12,9        20,9        54,7        88,5        41,8         8,0 
Dla       338 wyliczono :        129,1       208,9       546,9       884,9       417,8        79,8 
Dla      33.8 wyliczono :         12,9        20,9        54,7        88,5        41,8         8,0 
Dla      33.6 wyliczono :         12,8        20,8        54,4        88,0        41,5         7,9 
Dla      33.4 wyliczono :         12,8        20,6        54,0        87,4        41,3         7,9 
Dla      33.2 wyliczono :         12,7        20,5        53,7        86,9        41,0         7,8 
Dla      33.4 wyliczono :         12,8        20,6        54,0        87,4        41,3         7,9 
Dla      33.6 wyliczono :         12,8        20,8        54,4        88,0        41,5         7,9 
Dla      33.8 wyliczono :         12,9        20,9        54,7        88,5        41,8         8,0 
Dla      33.6 wyliczono :         12,8        20,8        54,4        88,0        41,5         7,9 
Dla      33.4 wyliczono :         12,8        20,6        54,0        87,4        41,3         7,9 
Dla      33.2 wyliczono :         12,7        20,5        53,7        86,9        41,0         7,8 
Dla        33 wyliczono :         12,6        20,4        53,4        86,4        40,8         7,8 
Dla      33.2 wyliczono :         12,7        20,5        53,7        86,9        41,0         7,8 
Dla      33.4 wyliczono :         12,8        20,6        54,0        87,4        41,3         7,9 
Dla      33.6 wyliczono :         12,8        20,8        54,4        88,0        41,5         7,9 
Dla      33.4 wyliczono :         12,8        20,6        54,0        87,4        41,3         7,9 
Dla      33.2 wyliczono :         12,7        20,5        53,7        86,9        41,0         7,8 
Dla      33.2 wyliczono :         12,7        20,5        53,7        86,9        41,0         7,8 
Dla        33 wyliczono :         12,6        20,4        53,4        86,4        40,8         7,8 
Dla      32.8 wyliczono :         12,5        20,3        53,1        85,9        40,5         7,7 
Dla      32.6 wyliczono :         12,5        20,1        52,7        85,3        40,3         7,7 
Dla      49.4 wyliczono :         18,9        30,5        79,9       129,3        61,1        11,7 
Dla      49.4 wyliczono :         18,9        30,5        79,9       129,3        61,1        11,7 
Dla      49.4 wyliczono :         18,9        30,5        79,9       129,3        61,1        11,7 
Dla      49.4 wyliczono :         18,9        30,5        79,9       129,3        61,1        11,7 
Dla      43.8 wyliczono :         16,7        27,1        70,9       114,7        54,1        10,3 
Dla      50.8 wyliczono :         19,4        31,4        82,2       133,0        62,8        12,0 
Dla      50.6 wyliczono :         19,3        31,3        81,9       132,5        62,5        11,9 
Dla      50.4 wyliczono :         19,3        31,1        81,5       131,9        62,3        11,9 
Dla      50.2 wyliczono :         19,2        31,0        81,2       131,4        62,1        11,9 
Dla        50 wyliczono :         19,1        30,9        80,9       130,9        61,8        11,8 
Dla      49.8 wyliczono :         19,0        30,8        80,6       130,4        61,6        11,8 
Dla      49.6 wyliczono :         18,9        30,7        80,3       129,9        61,3        11,7 
Dla      49.4 wyliczono :         18,9        30,5        79,9       129,3        61,1        11,7 
Dla      49.2 wyliczono :         18,8        30,4        79,6       128,8        60,8        11,6 
Dla        49 wyliczono :         18,7        30,3        79,3       128,3        60,6        11,6 
Dla        49 wyliczono :         18,7        30,3        79,3       128,3        60,6        11,6 
Dla      49.2 wyliczono :         18,8        30,4        79,6       128,8        60,8        11,6 
Dla      49.4 wyliczono :         18,9        30,5        79,9       129,3        61,1        11,7 
Dla      49.6 wyliczono :         18,9        30,7        80,3       129,9        61,3        11,7 
Dla      49.8 wyliczono :         19,0        30,8        80,6       130,4        61,6        11,8 
Dla      49.6 wyliczono :         18,9        30,7        80,3       129,9        61,3        11,7 
Dla      49.4 wyliczono :         18,9        30,5        79,9       129,3        61,1        11,7 
Dla      49.2 wyliczono :         18,8        30,4        79,6       128,8        60,8        11,6 
Dla      49.2 wyliczono :         18,8        30,4        79,6       128,8        60,8        11,6 
Dla        49 wyliczono :         18,7        30,3        79,3       128,3        60,6        11,6 
Dla      48.8 wyliczono :         18,6        30,2        79,0       127,8        60,3        11,5 
Dla      48.6 wyliczono :         18,6        30,0        78,6       127,2        60,1        11,5 
Dla      48.4 wyliczono :         18,5        29,9        78,3       126,7        59,8        11,4 
Dla      48.4 wyliczono :         18,5        29,9        78,3       126,7        59,8        11,4 
Dla      48.2 wyliczono :         18,4        29,8        78,0       126,2        59,6        11,4 
Dla        48 wyliczono :         18,3        29,7        77,7       125,7        59,3        11,3 
Dla      47.8 wyliczono :         18,3        29,5        77,3       125,1        59,1        11,3 
Dla      47.6 wyliczono :         18,2        29,4        77,0       124,6        58,8        11,2 
Dla      47.6 wyliczono :         18,2        29,4        77,0       124,6        58,8        11,2 
Dla      47.4 wyliczono :         18,1        29,3        76,7       124,1        58,6        11,2 
Dla      47.4 wyliczono :         18,1        29,3        76,7       124,1        58,6        11,2 
Dla      47.4 wyliczono :         18,1        29,3        76,7       124,1        58,6        11,2 
Dla      47.4 wyliczono :         18,1        29,3        76,7       124,1        58,6        11,2 
Dla      47.2 wyliczono :         18,0        29,2        76,4       123,6        58,3        11,1 
Dla      47.4 wyliczono :         18,1        29,3        76,7       124,1        58,6        11,2 
Dla      47.4 wyliczono :         18,1        29,3        76,7       124,1        58,6        11,2 
Dla      47.4 wyliczono :         18,1        29,3        76,7       124,1        58,6        11,2 
Dla      47.4 wyliczono :         18,1        29,3        76,7       124,1        58,6        11,2 
Dla      47.4 wyliczono :         18,1        29,3        76,7       124,1        58,6        11,2 
Dla      47.6 wyliczono :         18,2        29,4        77,0       124,6        58,8        11,2 
Dla      47.4 wyliczono :         18,1        29,3        76,7       124,1        58,6        11,2 
Dla      47.2 wyliczono :         18,0        29,2        76,4       123,6        58,3        11,1 
Dla        47 wyliczono :         18,0        29,0        76,0       123,0        58,1        11,1 
Dla      46.8 wyliczono :         17,9        28,9        75,7       122,5        57,8        11,0 
Dla      46.6 wyliczono :         17,8        28,8        75,4       122,0        57,6        11,0 
Dla      46.4 wyliczono :         17,7        28,7        75,1       121,5        57,4        11,0 
Dla      46.2 wyliczono :         17,6        28,6        74,8       121,0        57,1        10,9 
Dla      43.4 wyliczono :         16,6        26,8        70,2       113,6        53,6        10,2 
Dla       0.2 wyliczono :          0,1         0,1         0,3         0,5         0,2         0,0 
Dla       0.4 wyliczono :          0,2         0,2         0,6         1,0         0,5         0,1 
Dla       0.6 wyliczono :          0,2         0,4         1,0         1,6         0,7         0,1 
Dla      15.8 wyliczono :          6,0         9,8        25,6        41,4        19,5         3,7 
Dla     415.8 wyliczono :        158,8       257,0       672,8      1088,6       514,0        98,2 
Dla    4415.8 wyliczono :       1686,7      2729,1      7144,9     11560,7      5458,2      1042,4 
Dla   44415.8 wyliczono :      16965,3     27450,5     71866,3    116282,1     54900,9     10485,1 
Dla     44416 wyliczono :      16965,4     27450,6     71866,6    116282,6     54901,2     10485,2 
Dla   44416.2 wyliczono :      16965,5     27450,7     71866,9    116283,1     54901,4     10485,2 
Dla   44416.4 wyliczono :      16965,6     27450,8     71867,2    116283,6     54901,7     10485,3 
Dla    444416 wyliczono :     169752,0    274664,4    719080,8   1163497,2    549328,9    104912,5 
Dla    444417 wyliczono :     169752,0    274664,6    719081,2   1163497,8    549329,1    104912,5 
Dla    444417 wyliczono :     169752,1    274664,7    719081,5   1163498,3    549329,4    104912,6 
Dla    444417 wyliczono :     169752,2    274664,8    719081,8   1163498,8    549329,6    104912,6 
Dla    444417 wyliczono :     169752,3    274664,9    719082,1   1163499,3    549329,9    104912,7 
Dla    444417 wyliczono :     169752,3    274665,1    719082,5   1163499,9    549330,1    104912,7 
Dla    444417 wyliczono :     169752,3    274665,1    719082,5   1163499,9    549330,1    104912,7 
Dla   44441.7 wyliczono :      16975,2     27466,5     71908,2    116350,0     54933,0     10491,3 
Dla   44441.7 wyliczono :      16975,2     27466,5     71908,2    116349,9     54933,0     10491,3 
Dla   44441.7 wyliczono :      16975,2     27466,5     71908,2    116349,9     54933,0     10491,3 
Dla   44441.7 wyliczono :      16975,2     27466,5     71908,2    116349,9     54933,0     10491,3 
Dla   444.417 wyliczono :        169,8       274,7       719,1      1163,5       549,3       104,9 
Dla     444.4 wyliczono :        169,7       274,7       719,1      1163,5       549,3       104,9 
Dla      4444 wyliczono :       1697,5      2746,5      7190,5     11634,5      5493,1      1049,1 
Dla      4444 wyliczono :       1697,5      2746,5      7190,5     11634,5      5493,1      1049,1 
Dla    4448.2 wyliczono :       1699,1      2749,1      7197,3     11645,5      5498,3      1050,1 
Dla    4448.2 wyliczono :       1699,1      2749,1      7197,3     11645,5      5498,3      1050,1 
Dla    4448.2 wyliczono :       1699,1      2749,1      7197,3     11645,5      5498,3      1050,1 
Dla    4448.2 wyliczono :       1699,1      2749,1      7197,3     11645,5      5498,3      1050,1 
Dla    444.82 wyliczono :        169,9       274,9       719,7      1164,6       549,8       105,0 
Dla   0.44482 wyliczono :          0,2         0,3         0,7         1,2         0,5         0,1 
Dla   0.44482 wyliczono :          0,2         0,3         0,7         1,2         0,5         0,1 
Dla  0.044482 wyliczono :          0,0         0,0         0,1         0,1         0,1         0,0 
Dla  0.044482 wyliczono :          0,0         0,0         0,1         0,1         0,1         0,0 
Dla 0.0044482 wyliczono :          0,0         0,0         0,0         0,0         0,0         0,0 
Dla 0.0044482 wyliczono :          0,0         0,0         0,0         0,0         0,0         0,0 
Dla  0.161803 wyliczono :          0,1         0,1         0,3         0,4         0,2         0,0 
Dla  0.323607 wyliczono :          0,1         0,2         0,5         0,8         0,4         0,1 
Dla   0.48541 wyliczono :          0,2         0,3         0,8         1,3         0,6         0,1 
Dla  0.647214 wyliczono :          0,2         0,4         1,0         1,7         0,8         0,2 
Dla       0.8 wyliczono :          0,3         0,5         1,3         2,1         1,0         0,2 
Dla         1 wyliczono :          0,4         0,6         1,6         2,6         1,2         0,2 
Dla       1.2 wyliczono :          0,5         0,7         1,9         3,1         1,5         0,3 
Dla      22.4 wyliczono :          8,6        13,8        36,2        58,6        27,7         5,3 
Dla      22.4 wyliczono :          8,6        13,8        36,2        58,6        27,7         5,3 
Dla      2.24 wyliczono :          0,9         1,4         3,6         5,9         2,8         0,5 
Dla       2.2 wyliczono :          0,8         1,4         3,6         5,8         2,7         0,5 
Dla       2.2 wyliczono :          0,8         1,4         3,6         5,8         2,7         0,5 
Dla      2.21 wyliczono :          0,8         1,4         3,6         5,8         2,7         0,5 
Dla     2.215 wyliczono :          0,8         1,4         3,6         5,8         2,7         0,5 
Dla    2.2155 wyliczono :          0,8         1,4         3,6         5,8         2,7         0,5 
Dla   2.21555 wyliczono :          0,8         1,4         3,6         5,8         2,7         0,5 
Dla   2.21555 wyliczono :          0,8         1,4         3,6         5,8         2,7         0,5 
Dla   2.21555 wyliczono :          0,8         1,4         3,6         5,8         2,7         0,5 
Dla   2.21555 wyliczono :          0,8         1,4         3,6         5,8         2,7         0,5 
Dla   22155.5 wyliczono :       8462,6     13692,8     35848,3     58003,7     27385,6      5230,2 
Dla   22155.5 wyliczono :       8462,6     13692,8     35848,3     58003,7     27385,6      5230,2 
Dla   22155.5 wyliczono :       8462,6     13692,8     35848,3     58003,7     27385,6      5230,2 
Dla   22155.5 wyliczono :       8462,6     13692,8     35848,3     58003,7     27385,6      5230,2 
Dla   221.554 wyliczono :         84,6       136,9       358,5       580,0       273,9        52,3 
Dla       2.2 wyliczono :          0,8         1,4         3,6         5,8         2,7         0,5 
Dla        14 wyliczono :          5,3         8,7        22,7        36,7        17,3         3,3 
Dla        14 wyliczono :          5,3         8,7        22,7        36,7        17,3         3,3 
Dla        14 wyliczono :          5,3         8,7        22,7        36,7        17,3         3,3 
Dla      14.2 wyliczono :          5,4         8,8        23,0        37,2        17,6         3,4 
Dla      14.2 wyliczono :          5,4         8,8        23,0        37,2        17,6         3,4 
Dla      14.2 wyliczono :          5,4         8,8        23,0        37,2        17,6         3,4 
Dla       142 wyliczono :         54,2        87,8       229,8       371,8       175,5        33,5 
Dla       142 wyliczono :         54,2        87,8       229,8       371,8       175,5        33,5 
Dla       142 wyliczono :         54,2        87,8       229,8       371,8       175,5        33,5 
Dla       142 wyliczono :         54,2        87,8       229,8       371,8       175,5        33,5 
Dla       142 wyliczono :         54,2        87,8       229,8       371,8       175,5        33,5 
Dla       142 wyliczono :         54,2        87,8       229,8       371,8       175,5        33,5 
Dla      1424 wyliczono :        543,9       880,1      2304,1      3728,1      1760,2       336,2 
Dla    1423.8 wyliczono :        543,8       880,0      2303,8      3727,6      1759,9       336,1 
Dla    1423.6 wyliczono :        543,8       879,8      2303,4      3727,0      1759,7       336,1 
Dla    1423.4 wyliczono :        543,7       879,7      2303,1      3726,5      1759,4       336,0 
Dla    1423.6 wyliczono :        543,8       879,8      2303,4      3727,0      1759,7       336,1 
Dla    1423.8 wyliczono :        543,8       880,0      2303,8      3727,6      1759,9       336,1 
Dla      1424 wyliczono :        543,9       880,1      2304,1      3728,1      1760,2       336,2 
Dla    1424.2 wyliczono :        544,0       880,2      2304,4      3728,6      1760,4       336,2 
Dla    1424.4 wyliczono :        544,1       880,3      2304,7      3729,1      1760,7       336,3 
Dla    1424.6 wyliczono :        544,1       880,5      2305,1      3729,7      1760,9       336,3 
Dla    1424.8 wyliczono :        544,2       880,6      2305,4      3730,2      1761,1       336,3 
Dla      1425 wyliczono :        544,3       880,7      2305,7      3730,7      1761,4       336,4 
Dla    1425.2 wyliczono :        544,4       880,8      2306,0      3731,2      1761,6       336,4 
Dla    1425.2 wyliczono :        544,4       880,8      2306,0      3731,2      1761,6       336,4 
Dla    1425.2 wyliczono :        544,4       880,8      2306,0      3731,2      1761,6       336,4 
Dla    1425.2 wyliczono :        544,4       880,8      2306,0      3731,2      1761,6       336,4 
Dla    1425.2 wyliczono :        544,4       880,8      2306,0      3731,2      1761,6       336,4 
Dla    1425.4 wyliczono :        544,5       880,9      2306,3      3731,7      1761,9       336,5 
Dla    1425.2 wyliczono :        544,4       880,8      2306,0      3731,2      1761,6       336,4 
Dla      1425 wyliczono :        544,3       880,7      2305,7      3730,7      1761,4       336,4 
Dla    1424.8 wyliczono :        544,2       880,6      2305,4      3730,2      1761,1       336,3 
Dla    1424.6 wyliczono :        544,1       880,5      2305,1      3729,7      1760,9       336,3 
Dla    1424.4 wyliczono :        544,1       880,3      2304,7      3729,1      1760,7       336,3 
Dla    1424.4 wyliczono :        544,1       880,3      2304,7      3729,1      1760,7       336,3 
Dla    1424.4 wyliczono :        544,1       880,3      2304,7      3729,1      1760,7       336,3 
Dla    1424.4 wyliczono :        544,1       880,3      2304,7      3729,1      1760,7       336,3 
Dla    1424.4 wyliczono :        544,1       880,3      2304,7      3729,1      1760,7       336,3 
Dla    1424.4 wyliczono :        544,1       880,3      2304,7      3729,1      1760,7       336,3 
Dla    1424.4 wyliczono :        544,1       880,3      2304,7      3729,1      1760,7       336,3 
Dla    1424.4 wyliczono :        544,1       880,3      2304,7      3729,1      1760,7       336,3 
Dla    1424.4 wyliczono :        544,1       880,3      2304,7      3729,1      1760,7       336,3 
Dla    14.244 wyliczono :          5,4         8,8        23,0        37,3        17,6         3,4 
Dla      14.2 wyliczono :          5,4         8,8        23,0        37,2        17,6         3,4 
Dla      14.2 wyliczono :          5,4         8,8        23,0        37,2        17,6         3,4 
Dla      14.2 wyliczono :          5,4         8,8        23,0        37,2        17,6         3,4 
Dla      14.2 wyliczono :          5,4         8,8        23,0        37,2        17,6         3,4 
Dla       142 wyliczono :         54,2        87,8       229,8       371,8       175,5        33,5 
Dla     141.8 wyliczono :         54,2        87,6       229,4       371,2       175,3        33,5 
Dla     141.6 wyliczono :         54,1        87,5       229,1       370,7       175,0        33,4 
Dla     141.6 wyliczono :         54,1        87,5       229,1       370,7       175,0        33,4 
Dla     141.6 wyliczono :         54,1        87,5       229,1       370,7       175,0        33,4 
Dla     141.4 wyliczono :         54,0        87,4       228,8       370,2       174,8        33,4 
Dla     141.4 wyliczono :         54,0        87,4       228,8       370,2       174,8        33,4 
Dla     141.4 wyliczono :         54,0        87,4       228,8       370,2       174,8        33,4 
Dla     141.4 wyliczono :         54,0        87,4       228,8       370,2       174,8        33,4 
Dla     14.14 wyliczono :          5,4         8,7        22,9        37,0        17,5         3,3 
Dla      14.1 wyliczono :          5,4         8,7        22,8        36,9        17,4         3,3 
Dla      14.1 wyliczono :          5,4         8,7        22,8        36,9        17,4         3,3 
Dla      14.1 wyliczono :          5,4         8,7        22,8        36,9        17,4         3,3 
Dla      14.1 wyliczono :          5,4         8,7        22,8        36,9        17,4         3,3 
Dla       141 wyliczono :         53,9        87,1       228,1       369,1       174,3        33,3 
Dla         0 wyliczono :          0,0         0,0         0,0         0,0         0,0         0,0 
Dla         0 wyliczono :          0,0         0,0         0,0         0,0         0,0         0,0 
Dla         1 wyliczono :          0,4         0,6         1,6         2,6         1,2         0,2 
Dla        21 wyliczono :          8,0        13,0        34,0        55,0        26,0         5,0 
Dla       231 wyliczono :         88,2       142,8       373,8       604,8       285,5        54,5 
Dla        21 wyliczono :          8,0        13,0        34,0        55,0        26,0         5,0 
Dla         1 wyliczono :          0,4         0,6         1,6         2,6         1,2         0,2 
Dla         0 wyliczono :          0,0         0,0         0,0         0,0         0,0         0,0 
Dla        10 wyliczono :          3,8         6,2        16,2        26,2        12,4         2,4 
Dla       120 wyliczono :         45,8        74,2       194,2       314,2       148,3        28,3 
Dla      1230 wyliczono :        469,8       760,2      1990,2      3220,2      1520,4       290,4 
Dla     12340 wyliczono :       4713,5      7626,5     19966,5     32306,5     15253,1      2913,1 
Dla    123450 wyliczono :      47153,7     76296,3    199746,3    323196,3    152592,6     29142,6 
Dla 1.23456e+06 wyliczono :     471560,0    763000,0   1997560,0   3232120,0   1526000,1    291440,1 
Dla         0 wyliczono :          0,0         0,0         0,0         0,0         0,0         0,0 
Dla        10 wyliczono :          3,8         6,2        16,2        26,2        12,4         2,4 
Dla       120 wyliczono :         45,8        74,2       194,2       314,2       148,3        28,3 
Dla      1230 wyliczono :        469,8       760,2      1990,2      3220,2      1520,4       290,4 
Dla     12340 wyliczono :       4713,5      7626,5     19966,5     32306,5     15253,1      2913,1 
Dla    123450 wyliczono :      47153,7     76296,3    199746,3    323196,3    152592,6     29142,6 
Dla 1.23456e+06 wyliczono :     471560,0    763000,0   1997560,0   3232120,0   1526000,1    291440,1 
Dla 1.23457e+07 wyliczono :    4715626,3   7630043,7  19975713,7  32321383,7  15260087,3   2914417,3 
Dla 1.23457e+08 wyliczono :   47156293,8  76300486,2 199757266,2 323214046,2 152600972,4  29144192,4 
Dla 1.23457e+09 wyliczono :  471562972,6 763004917,4 1997572807,4 3232140697,4 1526009834,9 291441944,9 
Dla 1.23457e+08 wyliczono :   47156293,8  76300486,2 199757266,2 323214046,2 152600972,4  29144192,4 
Dla 1.23457e+07 wyliczono :    4715629,4   7630048,6  19975726,6  32321404,6  15260097,2   2914419,2 
Dla 1.23457e+07 wyliczono :    4715629,4   7630048,6  19975726,6  32321404,6  15260097,2   2914419,2 
Dla 1.23457e+07 wyliczono :    4715629,4   7630048,6  19975726,6  32321404,6  15260097,2   2914419,2 
Dla 1.23457e+07 wyliczono :    4715629,4   7630048,6  19975726,6  32321404,6  15260097,2   2914419,2 
Dla 1.23457e+07 wyliczono :    4715629,4   7630048,6  19975726,6  32321404,6  15260097,2   2914419,2 
Dla   1234.57 wyliczono :        471,6       763,0      1997,6      3232,1      1526,0       291,4 
Dla   1234.57 wyliczono :        471,6       763,0      1997,6      3232,1      1526,0       291,4 
Dla   1234.57 wyliczono :        471,6       763,0      1997,6      3232,1      1526,0       291,4 
Dla   12345.7 wyliczono :       4715,6      7630,0     19975,7     32321,4     15260,1      2914,4 
Dla   12345.7 wyliczono :       4715,6      7630,0     19975,7     32321,4     15260,1      2914,4 
Dla   12345.7 wyliczono :       4715,6      7630,0     19975,7     32321,4     15260,1      2914,4 
Dla   12345.7 wyliczono :       4715,6      7630,0     19975,7     32321,4     15260,1      2914,4 
Dla   12345.7 wyliczono :       4715,6      7630,0     19975,7     32321,4     15260,1      2914,4 
Dla   12.3457 wyliczono :          4,7         7,6        20,0        32,3        15,3         2,9 
Dla   12.3457 wyliczono :          4,7         7,6        20,0        32,3        15,3         2,9 
Dla   12.3457 wyliczono :          4,7         7,6        20,0        32,3        15,3         2,9 
Dla   12.3457 wyliczono :          4,7         7,6        20,0        32,3        15,3         2,9 
Dla   12.3457 wyliczono :          4,7         7,6        20,0        32,3        15,3         2,9 
Dla   12.3457 wyliczono :          4,7         7,6        20,0        32,3        15,3         2,9 
Dla   12.3457 wyliczono :          4,7         7,6        20,0        32,3        15,3         2,9 
Dla   12.3457 wyliczono :          4,7         7,6        20,0        32,3        15,3         2,9 
Dla   12.3457 wyliczono :          4,7         7,6        20,0        32,3        15,3         2,9 
Dla 1.23457e+06 wyliczono :     471562,9    763004,9   1997572,7   3232140,5   1526009,7    291441,9 
Dla 1.23457e+06 wyliczono :     471562,9    763004,9   1997572,7   3232140,5   1526009,7    291441,9 
Dla 1.23457e+06 wyliczono :     471562,9    763004,9   1997572,7   3232140,5   1526009,7    291441,9 
Dla 1.23457e+06 wyliczono :     471562,9    763004,9   1997572,7   3232140,5   1526009,7    291441,9 
Dla 1.23457e+06 wyliczono :     471562,9    763004,9   1997572,7   3232140,5   1526009,7    291441,9 
Dla 1.23457e+06 wyliczono :     471562,9    763004,9   1997572,7   3232140,5   1526009,7    291441,9 
Dla 1.23457e+06 wyliczono :     471562,9    763004,9   1997572,7   3232140,5   1526009,7    291441,9 
Dla 1.23457e+06 wyliczono :     471562,9    763004,9   1997572,7   3232140,5   1526009,7    291441,9 
Dla 1.23457e+06 wyliczono :     471562,9    763004,9   1997572,7   3232140,5   1526009,7    291441,9 
Dla 1.23457e+06 wyliczono :     471562,9    763004,9   1997572,7   3232140,5   1526009,7    291441,9 
Dla 1.23457e+06 wyliczono :     471562,9    763004,9   1997572,7   3232140,5   1526009,7    291441,9 
Dla 1.23457e+06 wyliczono :     471562,9    763004,9   1997572,7   3232140,5   1526009,7    291441,9 
Dla 1.23457e+06 wyliczono :     471562,9    763004,9   1997572,7   3232140,5   1526009,7    291441,9 
Dla 1.23457e+06 wyliczono :     471562,9    763004,9   1997572,7   3232140,5   1526009,7    291441,9 
Dla 1.23457e+06 wyliczono :     471562,9    763004,9   1997572,7   3232140,5   1526009,7    291441,9 
Dla   123.457 wyliczono :         47,2        76,3       199,8       323,2       152,6        29,1 
Dla   123.457 wyliczono :         47,2        76,3       199,8       323,2       152,6        29,1 
Dla   123.457 wyliczono :         47,2        76,3       199,8       323,2       152,6        29,1 
Dla   123.457 wyliczono :         47,2        76,3       199,8       323,2       152,6        29,1 
Dla   123.457 wyliczono :         47,2        76,3       199,8       323,2       152,6        29,1 
Dla   123.457 wyliczono :         47,2        76,3       199,8       323,2       152,6        29,1 
Dla   123.457 wyliczono :         47,2        76,3       199,8       323,2       152,6        29,1 
Dla   123.457 wyliczono :         47,2        76,3       199,8       323,2       152,6        29,1 
Dla   123.457 wyliczono :         47,2        76,3       199,8       323,2       152,6        29,1 
Dla   123.457 wyliczono :         47,2        76,3       199,8       323,2       152,6        29,1 
Dla   123.457 wyliczono :         47,2        76,3       199,8       323,2       152,6        29,1 
Dla   123.457 wyliczono :         47,2        76,3       199,8       323,2       152,6        29,1 
Dla   123.457 wyliczono :         47,2        76,3       199,8       323,2       152,6        29,1 
Dla   123.457 wyliczono :         47,2        76,3       199,8       323,2       152,6        29,1 
Dla   123.457 wyliczono :         47,2        76,3       199,8       323,2       152,6        29,1 
Dla   12345.7 wyliczono :       4715,6      7630,0     19975,7     32321,4     15260,1      2914,4 
Dla   12345.7 wyliczono :       4715,6      7630,0     19975,7     32321,4     15260,1      2914,4 
Dla   12345.7 wyliczono :       4715,6      7630,0     19975,7     32321,4     15260,1      2914,4 
Dla   12345.7 wyliczono :       4715,6      7630,0     19975,7     32321,4     15260,1      2914,4 
Dla   12345.7 wyliczono :       4715,6      7630,0     19975,7     32321,4     15260,1      2914,4 
Dla   12345.7 wyliczono :       4715,6      7630,0     19975,7     32321,4     15260,1      2914,4 
Dla   12345.7 wyliczono :       4715,6      7630,0     19975,7     32321,4     15260,1      2914,4 
Dla       0.2 wyliczono :          0,1         0,1         0,3         0,5         0,2         0,0 
Dla       0.4 wyliczono :          0,2         0,2         0,6         1,0         0,5         0,1 
Dla       0.6 wyliczono :          0,2         0,4         1,0         1,6         0,7         0,1 
Dla       0.8 wyliczono :          0,3         0,5         1,3         2,1         1,0         0,2 
Dla         1 wyliczono :          0,4         0,6         1,6         2,6         1,2         0,2 
Dla       1.2 wyliczono :          0,5         0,7         1,9         3,1         1,5         0,3 
Dla       1.4 wyliczono :          0,5         0,9         2,3         3,7         1,7         0,3 
Dla       1.6 wyliczono :          0,6         1,0         2,6         4,2         2,0         0,4 
Dla       1.8 wyliczono :          0,7         1,1         2,9         4,7         2,2         0,4 
Dla         2 wyliczono :          0,8         1,2         3,2         5,2         2,5         0,5 
Dla       2.2 wyliczono :          0,8         1,4         3,6         5,8         2,7         0,5 
Dla   2.34853 wyliczono :          0,9         1,5         3,8         6,1         2,9         0,6 
Dla   2.47214 wyliczono :          0,9         1,5         4,0         6,5         3,1         0,6 
Dla   2.59574 wyliczono :          1,0         1,6         4,2         6,8         3,2         0,6 
Dla   2.71935 wyliczono :          1,0         1,7         4,4         7,1         3,4         0,6 
Dla   2.84296 wyliczono :          1,1         1,8         4,6         7,4         3,5         0,7 
Dla   2.96656 wyliczono :          1,1         1,8         4,8         7,8         3,7         0,7 
Dla   3.09017 wyliczono :          1,2         1,9         5,0         8,1         3,8         0,7 
Dla   3.21378 wyliczono :          1,2         2,0         5,2         8,4         4,0         0,8 
Dla   3.33738 wyliczono :          1,3         2,1         5,4         8,7         4,1         0,8 
Dla   3.46099 wyliczono :          1,3         2,1         5,6         9,1         4,3         0,8 
Dla    3.5846 wyliczono :          1,4         2,2         5,8         9,4         4,4         0,8 
Dla    3.7082 wyliczono :          1,4         2,3         6,0         9,7         4,6         0,9 
Dla   3.83181 wyliczono :          1,5         2,4         6,2        10,0         4,7         0,9 
Dla   3.95542 wyliczono :          1,5         2,4         6,4        10,4         4,9         0,9 
Dla   4.07902 wyliczono :          1,6         2,5         6,6        10,7         5,0         1,0 
Dla   4.20263 wyliczono :          1,6         2,6         6,8        11,0         5,2         1,0 
Dla   4.32624 wyliczono :          1,7         2,7         7,0        11,3         5,3         1,0 
Dla   4.44984 wyliczono :          1,7         2,8         7,2        11,6         5,5         1,1 
Dla   4.57345 wyliczono :          1,7         2,8         7,4        12,0         5,7         1,1 
Dla   4.69706 wyliczono :          1,8         2,9         7,6        12,3         5,8         1,1 
